6310
26722
31192
33617
4851
14877
39913
29082
23623
15256
49718
30638
1170
2693
19749
42588
49649
5784
7735
23221
34965
34335
11005
38630
34782
28911
40356
35932
818
40600
6301
41684
20770
48937
42075
21811
45324
24166
41579
39833
35420
30982
21464
3699
15899
1352
1683
30002
38337
13740
25977
10080
25426
47133
3812
21200
40015
22604
28966
2496
33167
37988
12107
22943
42527
49755
6812
49469
17114
31650
46253
33438
13491
4961
41611
16113
4872
30405
41206
26015
26448
12186
19102
44438
17336
31539
37020
49016
5530
945
6586
47596
2300
24137
7682
2627
4736
7362
3927
37279
30230
31039
4383
10163
18045
22443
38201
37704
5891
20335
42656
17096
34063
38210
17392
29817
18949
4919
30771
46923
1234
38180
41641
45513
26996
9657
41888
40760
49310
42140
47523
17604
47874
41731
23413
9146
6647
19572
34096
12089
15714
38450
33898
45028
3811
354
5020
42591
30919
25395
6229
42634
5210
15131
35612
23591
27902
30679
9075
32014
46398
6693
15853
42089
22270
17587
42686
5428
29975
33949
28677
6316
12661
42939
15588
30165
47258
818
25829
4645
9727
7983
10823
29359
28272
46665
37120
3943
29292
3146
42779
6540
45589
34136
19682
28306
21897
8727
26340
8804
29406
45295
45299
46355
11443
5928
43579
15674
8932
1670
43461
5883
45725
4287
28631
41669
11171
2063
33940
45622
45450
8728
23327
668
10981
32240
40632
47420
12163
8931
19519
22503
29607
31659
20150
15480
2775
49467
1890
33651
28852
25503
4768
26666
32527
43774
7960
30566
34464
178
21836
48055
9421
49018
8623
9312
23830
31095
9436
15728
3209
20438
16645
34604
18725
26617
39749
40039
39626
21026
48869
22414
4096
38098
36592
1788
37125
41438
19694
32283
14982
40681
29738
48430
5180
1087
27082
32399
35857
7415
21713
38561
13371
45208
15634
42292
43122
21581
30301
7843
47286
49034
41085
21084
10707
14184
26322
26175
19468
13994
45820
45851
8608
32180
13091
43779
17773
18295
33178
39969
17153
1730
28481
15969
7221
41932
35100
13624
16684
43513
23371
4618
15154
9826
47224
35880
34377
39455
10513
24603
36378
9012
16783
17324
33862
27229
13327
37279
40997
23910
11495
33834
2952
9643
18676
31195
45646
32097
2790
18965
41981
17579
16957
6749
30721
10634
42332
23672
11052
9770
236
6873
32147
3740
1177
22388
2181
44832
14641
45041
38072
29535
49642
1714
17951
18658
29398
34081
45393
44491
46864
43429
21390
7467
21138
28878
12864
13437
38590
5508
33557
5163
45566
7300
2965
857
17374
40052
48964
46177
35593
38713
37608
29316
25285
28654
6532
28179
34477
34026
30491
6364
8110
39847
34096
25258
22192
18505
5100
46442
30514
33980
40412
742
47131
24245
426
46312
2012
36680
26517
29745
42561
24513
4184
49287
2370
35866
25318
21416
48996
37215
13546
23257
40700
13088
5586
44115
41071
3764
32474
42942
9724
49633
9962
2047
14282
20059
49241
7475
43851
38982
26190
3694
27922
17708
32744
13766
12344
36901
34431
25960
20755
45757
11502
17071
42774
35383
16669
25600
20040
49715
24960
47125
20411
42646
23157
35808
43613
