69103
51668
74182
69161
54045
68168
76928
98699
71049
63668
54962
71186
66419
73650
63019
69696
70967
64094
97659
51383
68286
72557
82541
95216
74349
96271
91161
59291
90715
98110
93170
51753
95939
82746
95520
66522
57387
58090
53214
51065
80844
77155
69769
59497
93530
99401
86852
57974
54422
52141
56285
52907
93098
61634
95603
98867
89469
55806
73923
57802
66327
61367
78916
77624
79459
58355
71391
94172
71192
96380
97989
53079
82410
73945
58508
87630
56303
95578
53472
86728
74541
76690
99854
85101
68721
80376
93726
72731
77681
94132
96346
78966
78913
94889
67939
92693
87120
83228
85019
57834
99655
79813
86968
97584
54987
58821
89106
99132
64780
83105
69294
59177
60490
93043
95339
50549
69429
63433
52466
68683
50505
83128
82292
98860
86906
84320
55797
67995
99548
69711
69821
62736
77555
67883
57189
94777
91288
60649
74201
85231
62321
62882
62693
59175
84275
50795
76192
59776
69203
76056
84684
98536
61944
51692
57121
66909
88461
57770
69125
74033
55819
77964
53143
57778
76199
78005
51284
68834
51334
72007
91719
79695
51253
51981
76144
68312
87873
53951
52442
92854
94073
60198
78747
73477
87478
54960
50934
96452
89383
63012
52190
98035
52628
87691
81823
93431
76886
54922
59677
61703
90182
86358
62764
66535
80369
66209
96800
91146
71070
71415
82832
88042
93036
91545
94784
67987
72638
82015
91722
93317
62624
60609
92163
88399
50157
83368
63224
58715
72046
80448
61184
54184
66302
93428
87111
62611
84070
61178
83472
57767
80793
98045
91568
52781
97419
66177
66565
53804
59728
74750
97149
93054
71985
89560
83934
65933
89028
99204
67317
83254
66166
83447
97902
86872
73673
69055
56381
69001
86752
54764
86648
89687
55772
74801
73831
94166
53239
76489
56414
62317
65023
83689
54416
90492
77608
50755
63793
75817
69000
82498
64748
58429
63859
76356
57960
62843
75982
99092
86460
71315
65067
86880
72693
81664
85603
99125
75872
81861
66611
83820
73887
50946
95973
97911
96283
78085
54026
88371
52485
68177
85187
98180
81751
64308
71415
63895
55097
70826
87947
85866
71955
85494
94803
67596
80130
64221
99584
75248
83396
76710
98592
72424
93844
74486
54446
67657
88993
68462
90619
68732
50873
62073
81207
97607
85751
77049
73214
62543
97261
63551
84000
96874
70954
68673
92203
75100
77881
61628
86159
58526
83309
96437
50021
91674
63644
83037
77808
85743
96979
92727
87669
59157
50302
80477
65574
60785
79711
64556
89900
51882
51934
68092
63141
99949
61312
98069
80267
75108
66585
64639
68437
64421
86582
99166
56592
75168
72684
93108
65129
92371
53597
64534
53208
51409
74527
88008
59580
77406
84167
59556
82958
88779
70889
92242
96061
59320
67525
57355
95023
67723
52477
89739
56823
62838
55867
79240
85394
95437
69678
58942
53078
94316
85988
90430
77365
59092
71118
84903
91958
85323
57711
64257
84890
84087
96877
75909
76090
59556
81302
66397
96661
58636
87643
95680
71694
69313
64780
92613
72300
67596
73732
99912
97688
69433
61332
68340
93748
73451
92280
92887
84932
89892
67049
66105
87524
89171
54767
75842
57480
80423
70114
83764
85956
80875
64075
91088
50142
76759
61073
66867
60661
