69103
6310
26722
51668
31192
33617
4851
14877
39913
29082
74182
69161
23623
15256
49718
30638
54045
1170
2693
19749
42588
68168
76928
98699
71049
49649
5784
63668
7735
23221
34965
54962
71186
66419
73650
34335
11005
38630
34782
63019
28911
69696
70967
64094
40356
97659
51383
68286
35932
72557
82541
95216
818
74349
40600
96271
6301
41684
20770
48937
42075
91161
21811
45324
59291
24166
90715
98110
93170
41579
51753
39833
95939
82746
95520
35420
30982
66522
21464
3699
15899
57387
1352
58090
1683
53214
51065
80844
30002
38337
77155
13740
25977
10080
25426
47133
69769
3812
21200
40015
22604
28966
2496
59497
33167
93530
99401
86852
37988
12107
57974
22943
42527
54422
49755
52141
6812
56285
49469
52907
93098
17114
61634
31650
95603
46253
98867
33438
89469
13491
4961
41611
16113
55806
4872
30405
73923
57802
66327
41206
61367
26015
78916
26448
77624
12186
79459
19102
58355
71391
44438
94172
71192
96380
97989
53079
82410
73945
17336
58508
87630
31539
37020
49016
5530
945
6586
56303
95578
53472
47596
86728
74541
76690
99854
2300
85101
68721
80376
24137
93726
72731
7682
77681
2627
94132
96346
4736
78966
7362
78913
3927
37279
94889
30230
67939
31039
4383
10163
18045
92693
22443
38201
87120
37704
83228
5891
85019
20335
42656
57834
99655
17096
79813
34063
86968
38210
97584
54987
17392
58821
89106
99132
29817
18949
64780
4919
83105
69294
59177
30771
60490
46923
1234
38180
41641
93043
45513
26996
95339
9657
50549
41888
40760
49310
42140
47523
69429
63433
17604
52466
68683
47874
50505
83128
82292
98860
41731
86906
84320
55797
23413
67995
9146
99548
69711
69821
6647
62736
19572
34096
12089
77555
15714
67883
57189
94777
91288
60649
38450
74201
33898
85231
62321
45028
3811
62882
62693
354
5020
42591
30919
59175
84275
25395
50795
6229
76192
42634
59776
5210
15131
35612
69203
23591
76056
84684
27902
98536
61944
51692
30679
57121
9075
32014
46398
66909
88461
57770
6693
15853
69125
42089
74033
55819
22270
77964
53143
57778
17587
76199
42686
78005
5428
29975
51284
33949
68834
51334
28677
72007
6316
91719
79695
51253
51981
12661
42939
76144
68312
87873
15588
53951
52442
30165
92854
94073
47258
818
60198
78747
73477
87478
25829
4645
9727
7983
10823
54960
29359
28272
50934
96452
89383
46665
63012
52190
37120
98035
3943
29292
52628
3146
42779
6540
87691
45589
34136
81823
19682
28306
93431
21897
76886
8727
26340
8804
54922
59677
61703
90182
29406
86358
62764
66535
45295
80369
66209
96800
91146
71070
71415
45299
82832
88042
46355
93036
91545
94784
11443
67987
5928
43579
72638
15674
8932
82015
1670
91722
93317
43461
62624
60609
92163
5883
45725
88399
50157
83368
63224
4287
28631
41669
58715
11171
2063
33940
45622
72046
80448
61184
45450
8728
23327
668
54184
10981
66302
32240
93428
40632
47420
12163
87111
62611
8931
84070
19519
61178
83472
57767
22503
80793
98045
91568
29607
52781
31659
20150
15480
97419
2775
49467
1890
33651
66177
28852
25503
66565
4768
26666
32527
53804
43774
59728
74750
7960
30566
97149
93054
71985
89560
34464
83934
65933
178
89028
21836
48055
99204
67317
9421
83254
49018
66166
8623
83447
97902
86872
73673
69055
56381
9312
23830
69001
31095
9436
86752
54764
86648
15728
3209
20438
16645
34604
18725
26617
89687
55772
74801
73831
94166
39749
53239
76489
56414
40039
39626
62317
21026
48869
22414
4096
65023
38098
36592
1788
83689
37125
41438
54416
19694
90492
77608
50755
32283
63793
14982
75817
69000
40681
82498
29738
48430
5180
1087
64748
27082
58429
32399
35857
63859
76356
57960
62843
7415
75982
99092
86460
21713
71315
38561
13371
65067
86880
45208
72693
15634
81664
85603
99125
75872
42292
43122
21581
30301
81861
66611
7843
83820
73887
50946
47286
95973
97911
96283
78085
49034
54026
41085
88371
52485
21084
68177
85187
10707
98180
14184
26322
26175
19468
13994
45820
81751
45851
64308
8608
71415
32180
13091
63895
55097
70826
87947
43779
85866
71955
17773
18295
85494
94803
67596
33178
39969
17153
80130
64221
99584
75248
1730
28481
15969
83396
7221
41932
35100
13624
76710
98592
72424
16684
43513
23371
93844
74486
4618
54446
67657
88993
15154
9826
68462
47224
35880
90619
34377
39455
10513
68732
24603
36378
9012
16783
17324
33862
50873
27229
62073
13327
37279
40997
81207
23910
11495
97607
33834
85751
2952
77049
9643
18676
73214
31195
62543
45646
97261
63551
84000
96874
32097
70954
68673
2790
18965
92203
41981
17579
75100
77881
16957
61628
6749
30721
86159
58526
83309
10634
42332
23672
96437
50021
91674
63644
11052
9770
83037
236
77808
6873
85743
32147
3740
1177
22388
96979
2181
92727
44832
14641
87669
59157
45041
38072
50302
80477
65574
60785
79711
64556
89900
29535
51882
51934
49642
1714
17951
68092
63141
99949
61312
98069
80267
75108
66585
64639
18658
29398
68437
64421
34081
86582
45393
44491
46864
99166
43429
56592
21390
7467
75168
21138
72684
93108
28878
65129
92371
12864
53597
64534
13437
53208
51409
74527
88008
59580
77406
84167
38590
5508
33557
5163
45566
59556
7300
2965
857
82958
17374
40052
88779
48964
70889
46177
92242
35593
96061
38713
37608
29316
25285
59320
67525
57355
28654
6532
95023
28179
34477
67723
34026
30491
52477
89739
6364
8110
39847
56823
62838
34096
55867
79240
85394
25258
95437
22192
69678
58942
53078
94316
85988
90430
18505
5100
77365
46442
30514
59092
33980
40412
71118
742
47131
84903
91958
24245
85323
426
46312
57711
2012
36680
64257
26517
84890
84087
96877
29745
42561
75909
76090
59556
24513
81302
4184
49287
2370
35866
25318
21416
66397
48996
96661
58636
37215
87643
95680
13546
71694
69313
64780
92613
23257
72300
40700
13088
5586
44115
41071
67596
3764
32474
42942
73732
99912
9724
97688
69433
61332
68340
93748
49633
9962
73451
2047
92280
14282
20059
92887
49241
7475
43851
38982
84932
89892
67049
66105
26190
3694
27922
17708
32744
13766
87524
12344
36901
89171
34431
25960
20755
54767
75842
45757
57480
80423
11502
70114
17071
42774
83764
35383
85956
16669
80875
25600
64075
20040
49715
24960
91088
47125
50142
76759
61073
20411
42646
23157
35808
43613
66867
60661
